1.458633598340822573e+03
1.461312478787193186e+03
1.461317608646701274e+03
1.461599644523439338e+03
1.461377545280683989e+03
1.461917466622531265e+03
1.462053739364084095e+03
1.460598926818129939e+03
1.462127358490565939e+03
1.463080531751263379e+03
1.461910146908096976e+03
1.461883731513083148e+03
1.462757944856605036e+03
1.461445323985072946e+03
1.461620571035431794e+03
1.461380788233942212e+03
1.461227200182398519e+03
1.461137053520483960e+03
1.463214743589743648e+03
1.461169365024687067e+03
1.462102008396686642e+03
1.461864215797860197e+03
1.462099828864803158e+03
1.462355044409018547e+03
1.462332502266545816e+03
1.461341014345419580e+03
1.463207484499557040e+03
1.463081423534596752e+03
1.461916040100250711e+03
1.463270363758089616e+03
1.462613141960080839e+03
1.463682137677116998e+03
1.463726448869993192e+03
1.463502871298277114e+03
1.463809598741148648e+03
1.463558256215854499e+03
1.463598258150960191e+03
1.464058264370386951e+03
1.462443099002130339e+03
1.463084558417154767e+03
1.463587772732307030e+03
1.461789203378224101e+03
1.463514171833480987e+03
1.461752022186272143e+03
1.461558431193706610e+03
1.461054282130231513e+03
1.461570023736859866e+03
1.461798109769983967e+03
1.463243111652097014e+03
1.463135839767259768e+03
1.463522330970862868e+03
1.463676121076233130e+03
1.463283243362344365e+03
1.461774619289340080e+03
1.463469401404525797e+03
1.462075347143182398e+03
1.462060508455078889e+03
1.462837971830985907e+03
1.462428973435389480e+03
1.462348452205465492e+03
1.461661299467059735e+03
1.462165553164986932e+03
1.463304734385418897e+03
1.462876774622892526e+03
1.463236847971466887e+03
1.463695388757993896e+03
1.463552409841590816e+03
1.462146425297891938e+03
1.461879253064497561e+03
1.463314272900549440e+03
1.463675645467754521e+03
1.462721484814398309e+03
1.462243095845904008e+03
1.461949977158519914e+03
1.462394434980124970e+03
1.463752149157083750e+03
1.463511919418019033e+03
1.463430437695399633e+03
1.463274727742225195e+03
1.462513117195554969e+03
1.463388575935105791e+03
1.463469651741293546e+03
1.463567636605952885e+03
1.463808848173388469e+03
1.462038962522851989e+03
1.462198691460054988e+03
1.462609853225622828e+03
1.463511512614299818e+03
1.463084342754598538e+03
1.462114406296338530e+03
1.463745261057532389e+03
1.463670033296337351e+03
1.463931808035714312e+03
1.463403574997224268e+03
1.463762781412886852e+03
1.463262633053221180e+03
1.463889979915197500e+03
1.464183209543101611e+03
1.462502602398732733e+03
1.463601027588517809e+03
1.463697180725598173e+03
1.463310229923358975e+03
1.463489508160319701e+03
1.463154999448792751e+03
1.461938031041123850e+03
1.462875194660734223e+03
1.460163162924032576e+03
1.466494606413994234e+03
1.469005943536404175e+03
1.474934849147354726e+03
1.486657772621809727e+03
1.505233448474381021e+03
1.535919442072302900e+03
1.586144826644826708e+03
1.663436975874080872e+03
1.775151522248243509e+03
1.904557387057387132e+03
2.042500266240681640e+03
2.159462769138755903e+03
2.235058022199797961e+03
2.264868421052631675e+03
2.251163468372423722e+03
2.199715574866310362e+03
2.102157912234042669e+03
1.980940623531254914e+03
1.854510245349150637e+03
1.734560353287536827e+03
1.630351044709054122e+03
1.566077960853699096e+03
1.555910690423162578e+03
1.592214037870526454e+03
1.593775829314628027e+03
1.561172423321359474e+03
1.526261625380269379e+03
1.545578813685940531e+03
1.586130082436775183e+03
1.639140174860255229e+03
1.703024382570394891e+03
1.770372419627749650e+03
1.835473756906077369e+03
1.873004013186183101e+03
1.884374716001298339e+03
1.874340018066847279e+03
1.849080028969762907e+03
1.803242445414847225e+03
1.741537412809131183e+03
1.674900251818690549e+03
1.618741978255104641e+03
1.586187517975266019e+03
1.581358887952822215e+03
1.590559076186452558e+03
1.603758347245408913e+03
1.622353137351778742e+03
1.640925796044326034e+03
1.678571839493743710e+03
1.734552593240093302e+03
1.779107780979827112e+03
1.780183609022556311e+03
1.735235076163030044e+03
1.702846862161779200e+03
1.668494414826097909e+03
1.622054327226784608e+03
1.559883175237144314e+03
1.504443874577456654e+03
1.486136126791142033e+03
1.500065005931198129e+03
1.535525716430984858e+03
1.577201226523572359e+03
1.610746092210692268e+03
1.628419122933141580e+03
1.632839278220730193e+03
1.613383160549173454e+03
1.576629552693532787e+03
1.532069681996705867e+03
1.493597349776961437e+03
1.484121448951742877e+03
1.490351280367695381e+03
1.501465031446540934e+03
1.517416778523489938e+03
1.525021584440227798e+03
1.533593020272004196e+03
1.530715865798205641e+03
1.524181334981458576e+03
1.503670913526701042e+03
1.482102925809822409e+03
1.474025045656143902e+03
1.485772280966767312e+03
1.504540788762830971e+03
1.526361079159259589e+03
1.538075285094358605e+03
1.541038980814130582e+03
1.536853629153699330e+03
1.525986948926112518e+03
1.506981944802682392e+03
1.494802010433897522e+03
1.485331372058087027e+03
1.490262209231518682e+03
1.502948066452603598e+03
1.525490249891665371e+03
1.536233281118207060e+03
1.543753587830080278e+03
1.535716885877507593e+03
1.516511123317769943e+03
1.496045147020556897e+03
1.478363613263880097e+03
1.472835751737593000e+03
1.494815576439936649e+03
1.532620365184272487e+03
1.567356122312725347e+03
1.597073696904730014e+03
1.605315042453427850e+03
1.600409331651954517e+03
1.580011830201809289e+03
1.545558629232039721e+03
1.511691464821222553e+03
1.486099046610169580e+03
1.478384179647987139e+03
1.481522219193020646e+03
1.503859926574413976e+03
1.525057404795486491e+03
1.542251205545509265e+03
1.542839620081411113e+03
1.534993442165480701e+03
1.518869591166815781e+03
1.497578661397875976e+03
1.487403386715673378e+03
1.488627958387516173e+03
1.493641099855282164e+03
1.503012675198049919e+03
1.503518154922001031e+03
1.504251158985546681e+03
1.500766319881102163e+03
1.492575883329380986e+03
1.486201263010174216e+03
1.472796192758253483e+03
1.472149477253461328e+03
1.480149978756550126e+03
1.482890063678961951e+03
1.487236490626148679e+03
1.493995225694444343e+03
1.489881758180030829e+03
1.483181375278396445e+03
1.476675750449578118e+03
1.477023152641064826e+03
1.496836384309266577e+03
1.511566501724396403e+03
1.536603382984094878e+03
