-8.377018116298472705e+01
-8.109130071661411421e+01
-8.108617085710602623e+01
-8.080413498036796227e+01
-8.102623422312331058e+01
-8.048631288127603511e+01
-8.035004013972320536e+01
-8.180485268567736057e+01
-8.027642101324136092e+01
-7.932324775254392080e+01
-8.049363259571032359e+01
-8.052004799072415153e+01
-7.964583464720226402e+01
-8.095845551873435397e+01
-8.078320846837550562e+01
-8.102299126986508782e+01
-8.117657932140878074e+01
-8.126672598332334019e+01
-7.918903591406365194e+01
-8.123441447912023250e+01
-8.030177110712065769e+01
-8.053956370594710279e+01
-8.030395063900414243e+01
-8.004873509478875349e+01
-8.007127723726148361e+01
-8.106276515838771957e+01
-7.919629500425025981e+01
-7.932235596921054821e+01
-8.048773940355658851e+01
-7.913341574571768433e+01
-7.979063754372646144e+01
-7.872164182669030197e+01
-7.867733063381410830e+01
-7.890090820553018602e+01
-7.859418076265865238e+01
-7.884552328795280118e+01
-7.880552135284710857e+01
-7.834551513342034923e+01
-7.996068050167696128e+01
-7.931922108665253290e+01
-7.881600677150026968e+01
-8.061457612558319852e+01
-7.888960767032631338e+01
-8.065175731753515720e+01
-8.084534831010068956e+01
-8.134949737357578670e+01
-8.083375576694743359e+01
-8.060566973382333344e+01
-7.916066785171028641e+01
-7.926793973654753245e+01
-7.888144853294443237e+01
-7.872765842757416976e+01
-7.912053614146293512e+01
-8.062916021446721970e+01
-7.893437809928150273e+01
-8.032843236062490178e+01
-8.034327104872841119e+01
-7.956580767282139277e+01
-7.997480606841781992e+01
-8.005532729834180827e+01
-8.074248003674756546e+01
-8.023822633882036826e+01
-7.909904511838840335e+01
-7.952700488091477382e+01
-7.916693153234041347e+01
-7.870839074581340356e+01
-7.885136966221648436e+01
-8.025735420591536240e+01
-8.052452643930973863e+01
-7.908950660325785975e+01
-7.872813403605277927e+01
-7.968229468940899096e+01
-8.016068365790329153e+01
-8.045380234528738583e+01
-8.000934452368232996e+01
-7.865163034672355025e+01
-7.889186008578826659e+01
-7.897334180840766749e+01
-7.912905176158210452e+01
-7.989066230825233106e+01
-7.901520356870150863e+01
-7.893412776251375362e+01
-7.883614289785441542e+01
-7.859493133041883084e+01
-8.036481698095531101e+01
-8.020508804375231193e+01
-7.979392627818447181e+01
-7.889226688950748212e+01
-7.931943674920876219e+01
-8.028937320746877049e+01
-7.865851844627491118e+01
-7.873374620746994879e+01
-7.847197146809298829e+01
-7.900020450658303162e+01
-7.864099809092044779e+01
-7.914114645058612041e+01
-7.851379958860979968e+01
-7.822056996070568857e+01
-7.990117710507456650e+01
-7.880275191528949108e+01
-7.870659877820912698e+01
-7.909354958044832529e+01
-7.891427134348759864e+01
-7.924878005501454936e+01
-8.046574846268345027e+01
-7.952858484307307663e+01
-8.224061657977472350e+01
-7.590917308981306633e+01
-7.339783596740312532e+01
-6.746893035645257442e+01
-5.574600688199757315e+01
-3.717033102942627920e+01
-6.484337431504400229e+00
4.374104714101940772e+01
1.210331963702735720e+02
2.327477427444362093e+02
3.621536075535798318e+02
5.000964867368743398e+02
6.170589896349486025e+02
6.926542426959906606e+02
7.224646415488243747e+02
7.087596888686164220e+02
6.573117953625030623e+02
5.597541327302353693e+02
4.385368440274476143e+02
3.121064658453433367e+02
1.921565737837295273e+02
8.794726520524682201e+01
2.367418134989179634e+01
1.350691091935527766e+01
4.981025836671915386e+01
5.137204981082072663e+01
1.876864381755217437e+01
-1.614215412353792090e+01
3.175034182133231297e+00
4.372630293296788295e+01
9.673639535644792886e+01
1.606206030665875915e+02
2.279686401239423503e+02
2.930699774022700694e+02
3.306002336823758014e+02
3.419709364974910386e+02
3.319362385630399785e+02
3.066762494659556069e+02
2.608386659110399250e+02
1.991336333053238832e+02
1.324964723148832491e+02
7.633819875129734100e+01
4.378373847145871878e+01
3.895510844901491510e+01
4.815529668264525753e+01
6.135456774160161331e+01
7.994935784797144152e+01
9.852201654051873447e+01
1.361680599899364097e+02
1.921488137362860016e+02
2.367040014760198119e+02
2.377798295187490112e+02
1.928312966592227440e+02
1.604430826579718996e+02
1.260906353222906091e+02
7.965054772297730779e+01
1.747939573333701446e+01
-3.795990492635064584e+01
-5.626765271266526725e+01
-4.233877357260917051e+01
-6.878063072822442336e+00
3.479744701976505894e+01
6.834231270688496807e+01
8.601534342933427979e+01
9.043549871692289344e+01
7.097938104536615356e+01
3.422577318972548710e+01
-1.033409750710143271e+01
-4.880642972684586312e+01
-5.828233055206442259e+01
-5.205249913611191914e+01
-4.093874805726636623e+01
-2.498700098031736161e+01
-1.738219506357950195e+01
-8.810759231803103830e+00
-1.168791370560165888e+01
-1.822244452234872369e+01
-3.873286597710625756e+01
-6.030085369398489092e+01
-6.837873384766339768e+01
-5.663149853703998815e+01
-3.786299074097632911e+01
-1.604270034454771121e+01
-4.328494409448694569e+00
-1.364798689676717913e+00
-5.550150350107969643e+00
-1.641683057769478182e+01
-3.542183470112490795e+01
-4.760176906990977841e+01
-5.707240744572027324e+01
-5.214157027228861807e+01
-3.945571305120370198e+01
-1.691352961214192874e+01
-6.170498385600239999e+00
1.349808326272977865e+00
-6.686893626299706739e+00
-2.589265618603735675e+01
-4.635863248325040331e+01
-6.404016623992720270e+01
-6.956802776621429985e+01
-4.758820306387065102e+01
-9.783414319534813330e+00
2.495234280891804701e+01
5.466991740092271357e+01
6.291126294962054999e+01
5.800555214814721694e+01
3.760805069800198908e+01
3.154849728232420603e+00
-3.071231468258474706e+01
-5.630473289363771983e+01
-6.401959985582016088e+01
-6.088156031078665364e+01
-3.854385292939332430e+01
-1.734637470832080908e+01
-1.525739582980349951e-01
4.358405776038125623e-01
-7.410337338326598910e+00
-2.353418833699151946e+01
-4.482511810593132395e+01
-5.500039278813392229e+01
-5.377582111629112660e+01
-4.876267964852513614e+01
-3.939110430575738064e+01
-3.888562458180626891e+01
-3.815262051826061906e+01
-4.163745962270513701e+01
-4.982789617442631425e+01
-5.620251649363308388e+01
-6.960758674555381731e+01
-7.025430225034597242e+01
-6.225380074725717350e+01
-5.951371582484534883e+01
-5.516728887765862055e+01
-4.840855380936295660e+01
-5.252202132377647104e+01
-5.922240422541085536e+01
-6.572802905422918229e+01
-6.538062686274247426e+01
-4.556739519454072251e+01
-3.083727777941089698e+01
-5.800396519712421650e+00
