9.254683350357507834e+02
9.250617721518987082e+02
9.252318548387096371e+02
9.250095959595959130e+02
9.254609781477627166e+02
9.257543234994913064e+02
9.259433771486350224e+02
9.259426559356136295e+02
9.264964285714286234e+02
9.267482197355035396e+02
9.269012787723785323e+02
9.268627551020408646e+02
9.268006042296073019e+02
9.271035696329813618e+02
9.272944723618090848e+02
9.271714855433698403e+02
9.271924415713575627e+02
9.272901109989909401e+02
9.272135575942915011e+02
9.273634072580645125e+02
9.275670207384927153e+02
9.275487927565392283e+02
9.275065130260520618e+02
9.275505505505504971e+02
9.275724381625441310e+02
9.275572441742654064e+02
9.275536261491317873e+02
9.274666327050432528e+02
9.276237218813905656e+02
9.276399796022437840e+02
9.274785027819929155e+02
9.275409090909090537e+02
9.274050251256281854e+02
9.276149162861491959e+02
9.274518593988792645e+02
9.274850481500253636e+02
9.274469160768453548e+02
9.275990853658536253e+02
9.275195729537366560e+02
9.272444900051256127e+02
9.272126024590163524e+02
9.272759674134420038e+02
9.273037525354969830e+02
9.272228946041351492e+02
9.273311156601841958e+02
9.273691683569979887e+02
9.273947234906139556e+02
9.272995930824008610e+02
9.272472081218273843e+02
9.272139253279515287e+02
9.272534562211981211e+02
9.271492914979756961e+02
9.271970543423057052e+02
9.275558401639344765e+02
9.276023541453429289e+02
9.275428571428570876e+02
9.272190867111339685e+02
9.273415991902834321e+02
9.273566717402334234e+02
9.273571067273646804e+02
9.274057459677419502e+02
9.273800995024876102e+02
9.271172654690618629e+02
9.273168016194332495e+02
9.274839518555667155e+02
9.272628140703517374e+02
9.272222222222221717e+02
9.274424333836099095e+02
9.273861138861138897e+02
9.275142714071106411e+02
9.273313313313312847e+02
9.275661322645290738e+02
9.270324873096446936e+02
9.270938283993979212e+02
9.272927199191102545e+02
9.270746867167920300e+02
9.272019279553526303e+02
9.270155700652937867e+02
9.272898477157360730e+02
9.273224346076458460e+02
9.269944723618090165e+02
9.270045731707317600e+02
9.272557544757032701e+02
9.272120285423037558e+02
9.272272032603158323e+02
9.271210418794688621e+02
9.272139253279515287e+02
9.271001994017946117e+02
9.271027190332325745e+02
9.269760081674323828e+02
9.269167517875382600e+02
9.270523108176739697e+02
9.268779011099899208e+02
9.270997942386831028e+02
9.269406693711968046e+02
9.270174269605330437e+02
9.271114519427402456e+02
9.271250000000000000e+02
9.272330097087378817e+02
9.270428790199081277e+02
9.270477903391572454e+02
9.273297926150733019e+02
9.273444047010730173e+02
9.272149721800708448e+02
9.272197468354430612e+02
9.272179226069246170e+02
9.273799593082401316e+02
9.296442062276671550e+02
9.361507772020725042e+02
9.510923913043478706e+02
9.756122215876641803e+02
1.009141469338190632e+03
1.057772986683576391e+03
1.127804845222072572e+03
1.219999168053244603e+03
1.327906647807637910e+03
1.448657718120805384e+03
1.571558073654390910e+03
1.697703592814371177e+03
1.804844517184942788e+03
1.889923566878980864e+03
1.982397368421052533e+03
2.048314792899408076e+03
2.094423817863397744e+03
2.105965517241379530e+03
2.076137345679012469e+03
2.005238095238095184e+03
1.895261133603238932e+03
1.787531598513011204e+03
1.599657142857142844e+03
1.430555555555555657e+03
1.228505882352941171e+03
1.052553191489361780e+03
1.235589285714285779e+03
1.562805466237942028e+03
1.848467261904761926e+03
2.043528225806451701e+03
2.162507060333761274e+03
2.208242565055762043e+03
2.207808641975308547e+03
2.232202992843201173e+03
2.243144745538665120e+03
2.236426579163248789e+03
2.213751381215469792e+03
2.176498381877022439e+03
2.125748657357679804e+03
2.065080091533180621e+03
2.040963157894736923e+03
2.014057306590257895e+03
1.969764444444444507e+03
1.940850446428571331e+03
1.890553571428571331e+03
1.825502857142857238e+03
1.688872611464968259e+03
1.501645101663586047e+03
1.354089635854341850e+03
1.303528409090909008e+03
1.283801136363636260e+03
1.293702290076335885e+03
1.280125078963992337e+03
1.227302124833997368e+03
1.142461089494163389e+03
1.041426587301587233e+03
9.602523961661341900e+02
9.635604606525911322e+02
1.036924344112263498e+03
1.127183957219251397e+03
1.177765776699029175e+03
1.206801608579088452e+03
1.203457122608079317e+03
1.168285193289569634e+03
1.111730414746543829e+03
1.047091522880720277e+03
1.015320184089414852e+03
1.063015813953488305e+03
1.151478205128205218e+03
1.247250998668441980e+03
1.317197628458498002e+03
1.355182544560540919e+03
1.356453661697991038e+03
1.329676470588235361e+03
1.262775653923541313e+03
1.163974807557732674e+03
1.057767441860465169e+03
9.649420289855072497e+02
9.400279605263158373e+02
1.010702325581395371e+03
1.116639681486396739e+03
1.212816882232811395e+03
1.281640178003814299e+03
1.316806805708013144e+03
1.320200729927007387e+03
1.293188635032220191e+03
1.233503970678069663e+03
1.145531575720416868e+03
1.045164987405541524e+03
9.702684242061114901e+02
9.786023668639053312e+02
1.026067748764996395e+03
1.096160080375083680e+03
1.150797745773325005e+03
1.179519293655984256e+03
1.177178193146417470e+03
1.143090909090909008e+03
1.084726585223967504e+03
1.019386336866902184e+03
9.817389830508474233e+02
9.959928443649373548e+02
1.038714018691588763e+03
1.078058530510585342e+03
1.098950945626477505e+03
1.094934258142340241e+03
1.068037037037036953e+03
1.020198309492847898e+03
9.691737235367372705e+02
9.441576811594202354e+02
9.663331257783312367e+02
1.018748091603053467e+03
1.065186974789915894e+03
1.092745827010622179e+03
1.092366536964980469e+03
1.068898237179487069e+03
1.027889878542510132e+03
9.864239218877136182e+02
9.719217325227963329e+02
1.003505333333333283e+03
1.063766242464835841e+03
1.121672316384180704e+03
1.159764436821040590e+03
1.171558604917095408e+03
1.155800257731958709e+03
1.111719745222929987e+03
1.045323640960809144e+03
9.740505438259756374e+02
9.309184163167366250e+02
9.466746134020618229e+02
1.010942612137203128e+03
1.082279596977329902e+03
1.139720843672456567e+03
1.169509489051094988e+03
1.165920978363123140e+03
1.142192361111111040e+03
1.096595965770171233e+03
1.038491442542787354e+03
9.927545059042884077e+02
9.800334957369061613e+02
9.937863300492610961e+02
