-2.240281249865516884e+02
-2.244346878704037636e+02
-2.242646051835928347e+02
-2.244868640627065588e+02
-2.240354818745397552e+02
-2.237421365228111654e+02
-2.235530828736674493e+02
-2.235538040866888423e+02
-2.230000314508738484e+02
-2.227482402867989322e+02
-2.225951812499239395e+02
-2.226337049202616072e+02
-2.226958557926951698e+02
-2.223928903893211100e+02
-2.222019876604933870e+02
-2.223249744789326314e+02
-2.223040184509449091e+02
-2.222063490233115317e+02
-2.222829024280109707e+02
-2.221330527642379593e+02
-2.219294392838097565e+02
-2.219476672657632434e+02
-2.219899469962504099e+02
-2.219459094717519747e+02
-2.219240218597583407e+02
-2.219392158480370654e+02
-2.219428338731706845e+02
-2.220298273172592189e+02
-2.218727381409119062e+02
-2.218564804200586877e+02
-2.220179572403095563e+02
-2.219555509313934181e+02
-2.220914348966742864e+02
-2.218815437361532759e+02
-2.220446006234232073e+02
-2.220114118722771082e+02
-2.220495439454571169e+02
-2.218973746564488465e+02
-2.219768870685658158e+02
-2.222519700171768591e+02
-2.222838575632861193e+02
-2.222204926088604680e+02
-2.221927074868054888e+02
-2.222735654181673226e+02
-2.221653443621182760e+02
-2.221272916653044831e+02
-2.221017365316885162e+02
-2.221968669399016107e+02
-2.222492519004750875e+02
-2.222825346943509430e+02
-2.222430038011043507e+02
-2.223471685243267757e+02
-2.222994056799967666e+02
-2.219406198583679952e+02
-2.218941058769595429e+02
-2.219536028794453841e+02
-2.222773733111685033e+02
-2.221548608320190397e+02
-2.221397882820690484e+02
-2.221393532949377914e+02
-2.220907140545605216e+02
-2.221163605198148616e+02
-2.223791945532406089e+02
-2.221796584028692223e+02
-2.220125081667357563e+02
-2.222336459519507343e+02
-2.222742378000803001e+02
-2.220540266386925623e+02
-2.221103461361885820e+02
-2.219821886151918306e+02
-2.221651286909711871e+02
-2.219303277577733979e+02
-2.224639727126577782e+02
-2.224026316229045506e+02
-2.222037401031922172e+02
-2.224217733055104418e+02
-2.222945320669498415e+02
-2.224808899570086851e+02
-2.222066123065663987e+02
-2.221740254146566258e+02
-2.225019876604934552e+02
-2.224918868515707118e+02
-2.222407055465992016e+02
-2.222844314799987160e+02
-2.222692567619866395e+02
-2.223754181428336096e+02
-2.222825346943509430e+02
-2.223962606205078600e+02
-2.223937409890698973e+02
-2.225204518548700889e+02
-2.225797082347642117e+02
-2.224441492046285020e+02
-2.226185589123125510e+02
-2.223966657836193690e+02
-2.225557906511056672e+02
-2.224790330617694281e+02
-2.223850080795622262e+02
-2.223714600223024718e+02
-2.222634503135645900e+02
-2.224535810023943441e+02
-2.224486696831452264e+02
-2.221666674072291698e+02
-2.221520553212294544e+02
-2.222814878422316269e+02
-2.222767131868594106e+02
-2.222785374153778548e+02
-2.221165007140623402e+02
-2.198522537946353168e+02
-2.133456828202299675e+02
-1.984040687179546012e+02
-1.738842384346382914e+02
-1.403549906841118400e+02
-9.172347333872608033e+01
-2.169161480022989963e+01
7.050270803094213079e+01
1.784101877853354381e+02
2.991612580985029126e+02
4.220616136320884380e+02
5.482071327920687054e+02
6.553480571626403162e+02
7.404271068566783924e+02
8.329009083987500617e+02
8.988183328771056040e+02
9.449273578410952723e+02
9.564690572190770581e+02
9.266408856567099974e+02
8.557416352157927122e+02
7.457646735809364600e+02
6.380351384907087322e+02
4.501606828348403724e+02
2.810590955332531848e+02
7.900942233063869935e+01
-9.694326853294069224e+01
8.609282569198330748e+01
4.133090062156395561e+02
6.989708018824594546e+02
8.940317657841492291e+02
1.013010600311458802e+03
1.058746105033459571e+03
1.058312181953006075e+03
1.082706532820898701e+03
1.093648285516362648e+03
1.086930119140946317e+03
1.064254921193167320e+03
1.027001921854719967e+03
9.762521973353773319e+02
9.155836315108781491e+02
8.914666978724344517e+02
8.645608465679554229e+02
8.202679844221420353e+02
7.913539864062688594e+02
7.410571114062688594e+02
6.760063971205547659e+02
5.393761514426657868e+02
3.521486416412835752e+02
2.045931758320393783e+02
1.540319490686065365e+02
1.343046763413337885e+02
1.442058300540334130e+02
1.306286189416898651e+02
7.780566481169489634e+01
-7.035370528139083035e+00
-1.080698727207152388e+02
-1.892440638561682817e+02
-1.859359993697113396e+02
-1.125721159100389741e+02
-2.231250280305107481e+01
2.826931667672670301e+01
5.730514855678597996e+01
5.396066258577684494e+01
1.878873326726716186e+01
-3.776604527575864267e+01
-1.024049371415821952e+02
-1.341762759328876200e+02
-8.648064606881416694e+01
1.981745105902746218e+00
9.775453864613950827e+01
1.677011684361955304e+02
2.056860845382384468e+02
2.069572016756885660e+02
1.801800105659328892e+02
1.132791939012388411e+02
1.447834753543020270e+01
-9.172901816183730261e+01
-1.845544310367952221e+02
-2.094684994959866344e+02
-1.387941344409071007e+02
-3.285677853590573250e+01
6.332042221050892294e+01
1.321437179815118270e+02
1.673103456857106721e+02
1.707042699047049155e+02
1.436921750099177189e+02
8.400751065576719157e+01
-3.964884301885604145e+00
-1.043314726167609479e+02
-1.792280358161909817e+02
-1.708940931583971405e+02
-1.234287112573060767e+02
-5.333637964721879143e+01
1.301285751022533077e+00
3.002283363368178470e+01
2.768173312411499865e+01
-6.405550931393463543e+00
-6.476987479833496764e+01
-1.301101231554002879e+02
-1.677574769714550484e+02
-1.535036156573651169e+02
-1.107824413307137092e+02
-7.143792951171712957e+01
-5.054551439582496641e+01
-5.456220187996223103e+01
-8.145942298526551895e+01
-1.292981505294545741e+02
-1.803227364855652013e+02
-2.053387788628822364e+02
-1.831633342439712351e+02
-1.307483684192490045e+02
-8.430948523238657799e+01
-5.675063301168029284e+01
-5.712992305732200293e+01
-8.059822284281540306e+01
-1.216065814797923395e+02
-1.630725381345888536e+02
-1.775747274995061389e+02
-1.459911266889691888e+02
-8.573021755746663075e+01
-2.782414363812176816e+01
1.026797679873811830e+01
2.206214489479293661e+01
6.303797709656237203e+00
-3.777671479937248478e+01
-1.041728190614933283e+02
-1.754459161963268343e+02
-2.185780437055658467e+02
-2.028218466202406489e+02
-1.385538478850993442e+02
-6.721686304497256970e+01
-9.775616349845904551e+00
2.001302902879251633e+01
1.642451834082066853e+01
-7.304098911191431398e+00
-5.290049425213123868e+01
-1.110050174795151179e+02
-1.567419541180140641e+02
-1.694629642853963105e+02
-1.557101299730413757e+02
